     0.000    2.0000   10.0000 1.414214e-2
     0.187    2.0011    9.9995 5.970026e-3
     1.559    1.9135    9.9777 1.281914e-1
     2.782    1.6907    9.9672 2.356096e-1
     3.931    1.3693    9.9948 3.231980e-1
     5.320    0.8767   10.0942 3.916876e-1
     6.715    0.3450   10.2696 4.017023e-1
     8.127   -0.1330   10.5234 3.604690e-1
     9.825   -0.5112   10.9217 2.941909e-1
    11.529   -0.6027   11.3752 2.674505e-1
    13.572   -0.3368   11.8590 2.895613e-1
    15.686    0.2341   12.1244 3.089416e-1
    17.894    0.8861   12.0510 2.846192e-1
    20.113    1.3075   11.6884 2.242588e-1
    22.152    1.3268   11.2848 1.987846e-1
    24.072    1.0169   11.0211 2.437464e-1
    25.607    0.6156   10.9688 2.837391e-1
    27.157    0.1817   11.0833 2.934094e-1
    28.836   -0.1875   11.3870 2.813417e-1
    31.104   -0.3236   12.0001 2.985553e-1
    33.182   -0.0030   12.5816 3.517963e-1
    35.275    0.6654   12.9706 3.882614e-1
    37.425    1.4877   13.0296 3.752366e-1
    39.748    2.2159   12.7359 2.974650e-1
    41.856    2.5313   12.3379 1.883299e-1
    43.945    2.4921   12.0629 1.105584e-1
    46.029    2.2418   12.0905 1.674159e-1
    47.992    2.0299   12.4435 2.607780e-1
    49.886    2.0460   13.0173 3.515925e-1
    52.064    2.4801   13.7638 4.458596e-1
    54.250    3.3453   14.3410 5.048049e-1
    56.395    4.4157   14.5393 5.064254e-1
    58.674    5.4756   14.3184 4.383102e-1
    60.861    6.1610   13.8604 3.109468e-1
    62.966    6.4357   13.4616 1.473839e-1
    64.947    6.4477   13.3392 3.179966e-2
    66.649    6.4195   13.5073 1.728042e-1
    68.362    6.5061   13.9093 3.068321e-1
    70.397    6.9094   14.5538 4.385160e-1
    72.609    7.7750   15.1975 5.332364e-1
    74.765    8.9203   15.5127 5.636850e-1
    76.984   10.1281   15.3978 5.238139e-1
    79.260   11.0873   14.9225 4.108955e-1
    81.406   11.5791   14.4049 2.506145e-1
    83.498   11.7245   14.1075 6.362516e-2
    85.162   11.7399   14.1328 9.247776e-2
    86.835   11.8133   14.4037 2.417796e-1
    88.804   12.1357   14.9437 3.940963e-1
    90.972   12.8927   15.5839 5.155846e-1
    93.132   14.0028   15.9923 5.741288e-1
    95.233   15.2038   16.0022 5.635795e-1
    97.607   16.3670   15.5784 4.721749e-1
    99.788   17.0315   15.0103 3.246278e-1
   101.920   17.2917   14.5848 1.400261e-1
   103.849   17.3401   14.4978 4.575621e-2
   105.528   17.4016   14.6956 2.003458e-1
   107.449   17.6688   15.1655 3.597344e-1
   109.593   18.3467   15.7903 4.954605e-1
   111.749   19.4090   16.2466 5.711094e-1
   113.854   20.6208   16.3267 5.769550e-1
   116.155   21.8239   15.9755 5.053731e-1
   118.363   22.6046   15.3972 3.689526e-1
   120.507   22.9502   14.9029 1.901875e-1
   122.418   23.0284   14.7244 1.891781e-2
   124.116   23.0736   14.8428 1.532938e-1
   125.966   23.2693   15.2316 3.149228e-1
   128.071   23.8332   15.8325 4.633341e-1
   130.228   24.8127   16.3507 5.583861e-1
   132.344   26.0146   16.5308 5.842408e-1
   134.094   27.0000   16.3731 5.526025e-1
end Arrived t = 134.094, radiated (LL work) -0.0000e0, max |F_RR|/|F_L| 0.00e0
