     0.000    2.0000   10.0000 1.414214e-2
     0.977    2.0187   10.0451 9.602676e-2
     3.713    2.3015   10.5790 3.405827e-1
     6.906    3.4277   11.4448 5.377377e-1
    10.063    5.2052   11.7368 5.895489e-1
    13.394    6.8971   11.1277 4.751167e-1
    16.648    7.6663   10.2588 2.279665e-1
    19.479    7.7763   10.0092 4.514931e-2
    22.091    7.9543   10.4074 2.857857e-1
    25.237    8.8687   11.2751 5.051972e-1
    28.424   10.5739   11.7500 5.917690e-1
    31.806   12.4066   11.2948 5.090832e-1
    35.086   13.3631   10.3935 2.809059e-1
    38.042   13.5388   10.0001 1.462337e-2
    40.612   13.6573   10.2882 2.404843e-1
    43.691   14.3984   11.1180 4.730666e-1
    46.894   16.0085   11.7272 5.879153e-1
    50.145   17.8470   11.4599 5.405384e-1
    53.473   19.0210   10.5610 3.352690e-1
    56.519   19.2994   10.0172 6.025531e-2
    59.097   19.3767   10.1798 1.901655e-1
    62.073   19.9362   10.9310 4.317487e-1
    65.291   21.4081   11.6655 5.773247e-1
    68.503   23.2633   11.5906 5.641925e-1
    71.892   24.6493   10.7339 3.833773e-1
    75.094   25.0573   10.0536 1.045260e-1
    77.636   25.1163   10.1018 1.433785e-1
    80.496   25.5258   10.7534 3.884212e-1
    83.715   26.8396   11.5732 5.611102e-1
    86.838   28.6412   11.6876 5.811442e-1
    90.311   30.2415   10.9127 4.274769e-1
    93.543   30.8015   10.1276 1.603621e-1
    96.211   30.8681   10.0483 9.931923e-2
    98.013   31.0000   10.3509 2.652893e-1
end LeftBounds t = 98.013, radiated (LL work) -0.0000e0, max |F_RR|/|F_L| 0.00e0
