     0.000    1.0000    8.0000 1.000000e0
     0.046    1.0460    8.0000 1.000048e0
     0.322    1.3220    7.9999 1.000349e0
     1.977    2.9800    7.9976 1.002937e0
     3.805    4.8171    7.9897 1.008659e0
     5.278    6.3098    7.9778 1.018383e0
     6.512    7.5753    7.9638 1.034648e0
     7.746    8.8695    7.9502 1.066786e0
     8.526    9.7135    7.9495 1.100966e0
     9.150   10.4122    7.9632 1.137435e0
     9.775   11.1342    8.0038 1.177702e0
    10.379   11.8506    8.0860 1.208769e0
    10.983   12.5706    8.2254 1.216636e0
    11.571   13.2548    8.4178 1.195161e0
    12.102   13.8442    8.6276 1.158296e0
    12.720   14.4924    8.8936 1.111017e0
    13.354   15.1242    9.1732 1.070542e0
    14.030   15.7735    9.4674 1.040501e0
    14.891   16.5805    9.8314 1.017918e0
    15.891   17.5046   10.2399 1.004800e0
    17.034   18.5552   10.6936 9.981186e-1
    18.432   19.8376   11.2360 9.949604e-1
    20.208   21.4681   11.9136 9.938098e-1
    20.787   22.0000   12.1327 9.937097e-1
end Arrived t = 20.787, radiated (LL work) -0.0000e0, max |F_RR|/|F_L| 0.00e0
