     0.000    0.0000   10.0000 1.004988e0
     0.032    0.0312   10.0000 1.004990e0
     0.222    0.2185   10.0010 1.005124e0
     1.362    1.3436   10.0362 1.010016e0
     3.107    3.0787   10.1839 1.029097e0
     4.814    4.8031   10.4256 1.056044e0
     6.794    6.8461   10.8030 1.090085e0
     8.976    9.1508   11.3093 1.125039e0
    11.165   11.5155   11.8859 1.154960e0
    13.825   14.4484   12.6509 1.184298e0
    17.239   18.2889   13.7022 1.212828e0
    21.223   22.8520   14.9933 1.236939e0
    24.796   27.0000   16.1897 1.252910e0
end Arrived t = 24.796, radiated (LL work) -0.0000e0, max |F_RR|/|F_L| 0.00e0
